48104
22903
94110
55104
55455
55105
10025
55408
02138
94114
48103
98103
94117
90024
60640
37922
90210
10016
55405
55406
55113
10003
48105
02139
10023
02143
10011
55116
55112
10021
27514
13210
97330
60657
98115
60201
55117
53706
55421
94115
14850
94109
55410
10019
78705
77005
60611
48197
98102
95616
10014
02135
60614
98105
11215
55414
02115
92103
94122
07030
97401
94043
94121
91505
94306
60618
43201
48073
95008
94530
10022
55126
92122
53711
04240
20009
94025
10027
22030
94107
90069
01545
37923
60622
94133
43402
48067
02215
53703
98502
55108
53715
97333
90048
94706
55417
08904
94131
30030
10012
60660
78759
10013
02144
10024
01060
50265
98225
90292
94118
11217
94111
90046
06511
91107
10036
24060
60148
60626
06074
42420
55391
92037
55344
90034
55303
55122
12866
53705
55407
55125
94404
90027
55106
55418
20037
10128
55409
11201
94538
94086
61801
74105
92612
92106
12345
01002
95136
48108
90066
10009
19104
97215
91030
10002
10028
92630
95405
02446
98033
94602
52003
94303
94703
27713
60613
49423
06040
85719
77006
60610
66044
55118
48135
02134
04101
14607
61820
10543
94305
98133
33314
98117
85013
95123
54016
90291
94618
80302
55110
22207
55128
55305
60115
20815
55419
78757
55129
43214
55042
55102
55082
15213
98119
92130
94403
92649
92117
80526
80521
94002
95076
85226
80228
75006
02453
43202
92084
19103
19004
48823
02780
92109
94402
20036
27705
90038
90020
49506
78750
94014
95051
94108
98034
97214
91403
53713
53704
98122
11106
94501
80538
20008
78731
75093
22201
22043
92646
94044
23454
90035
59715
94550
95014
92111
37931
02148
32607
97405
93940
60302
06082
02140
49424
44313
78703
55438
36109
37830
92120
78704
15701
90025
94102
45750
91423
89128
80304
55403
26505
90039
06854
48867
02142
40515
92507
48109
53211
63119
08876
47901
78232
78666
44406
02460
06810
90049
01609
19143
94123
98052
10562
30303
55413
98201
92104
90803
55416
01701
55107
91360
94566
55441
55016
94061
60076
44106
94587
94063
28262
37919
72703
55076
60615
75801
55427
55337
04901
16801
80401
92119
55127
46815
02141
55346
55075
55422
55317
55306
55345
75240
55124
92009
94301
37211
53213
91711
85202
99163
08540
76401
85712
79912
75070
97520
98027
90266
90004
13066
97201
45241
60156
27511
19147
37130
07666
92121
75287
55447
72701
37027
97205
08820
92026
90631
01720
91324
21030
94941
48116
43615
94930
20706
92115
75214
73069
97213
13045
02632
90274
98101
33334
94598
94558
13207
95125
50111
54401
94041
98125
94611
90036
02038
85282
50310
75230
06460
13088
01915
92821
19806
94702
06430
91911
22901
94520
91106
98109
94704
90012
98074
95472
08055
94132
92688
08902
94506
78230
10549
07701
02155
55555
10010
90028
87505
95380
43229
60137
77079
79605
22181
20878
70118
95129
94606
90405
90026
23185
91941
92116
80303
48309
66048
45011
46033
44107
46807
53202
60061
13090
46804
60641
95826
60202
95451
88005
94931
60025
60647
60010
44303
10033
14620
48130
22902
01604
64055
45243
52001
02452
94022
27516
75080
02021
52402
66204
54915
72601
53818
60607
95864
94608
78749
20850
92614
16803
90802
15217
94546
57106
48070
05401
80013
19119
68516
91790
47933
02131
33133
02879
45458
06880
68108
30606
36115
14619
32043
44515
43081
43551
23233
97202
78681
03301
40601
68502
10463
19067
94610
99016
48237
84109
23462
55401
91104
91740
55426
55449
78722
61614
95370
60126
95825
99353
23112
19130
66212
15116
75602
72212
30350
72118
54902
55803
98029
94945
02476
85749
07650
28601
95401
97209
27106
75229
50021
20006
21202
78758
22203
10954
29205
98144
93117
92802
55439
14468
84321
92123
20194
92075
43210
46835
55121
11576
19072
60625
11229
97370
55436
98126
22304
91910
54601
94591
19406
19010
78664
92065
55902
55109
08035
72227
55347
80026
92024
89015
66205
22124
55454
55115
54703
92126
91367
55412
55103
19027
94806
22206
55057
01890
76109
37221
48083
49419
45242
20910
90064
53092
76201
01950
80206
95476
32256
43614
77025
20715
80525
77584
85224
49445
20895
75023
22042
30307
34952
27510
96813
85207
73505
44074
92647
76013
98188
90211
77449
10580
30034
77007
02421
98499
89118
92627
67212
22801
70508
37930
92108
41076
80210
70817
20874
49321
62522
95814
01702
94707
14830
80202
85016
30605
92308
92831
98226
48009
60513
20110
08033
96753
21044
97030
45244
27615
19116
92129
32608
07043
77064
03054
20015
97303
19803
82601
92801
53404
62225
75225
97321
11235
91344
02151
27606
08854
68144
08826
37853
94105
92626
08753
06417
60605
90241
93003
10017
90504
13031
13165
84770
43623
94024
53545
90278
48314
45014
44256
98031
43617
94127
60089
19134
60102
02125
94720
48219
43235
94519
91006
48316
11803
20879
40205
81301
18104
37343
06360
94607
92867
94904
33615
76051
92866
60153
12159
60194
14302
94560
27607
11375
95926
94040
49508
75069
32750
93448
07026
20723
55901
90601
33445
94089
94070
495321
97005
98037
54729
80027
75075
77096
54481
90638
90505
08550
11102
95003
53154
95209
06459
60462
83001
63146
20901
87123
94949
45701
78411
28270
16101
99701
97212
60612
77845
95602
95816
97116
95833
94062
34243
95070
43212
53406
72058
13655
10040
75149
75206
76248
90680
70115
20852
22314
22032
20742
53190
92346
46774
02127
91101
90401
30115
92805
91325
92704
90630
92886
95404
93107
93111
17055
60914
48304
85258
97361
91977
85257
85259
84108
53572
49456
56001
91436
33301
60060
02494
06437
56301
44130
43528
48323
48322
03062
46802
49307
04103
03060
13027
22904
95521
27603
60016
60123
96815
61821
60187
01562
60506
31401
13035
01536
22923
02478
08901
48114
01040
97367
44312
13203
01520
49503
53045
37938
94010
45255
10038
37932
44240
29672
95903
37917
03431
32444
29369
94536
19312
27613
45459
30345
15237
07728
06405
45215
27707
80126
48336
32837
08043
24541
54220
04096
77040
85283
24210
02912
02420
20007
55404
15208
64093
02111
74074
91604
10469
06510
98110
60062
30101
60073
07039
16802
98112
90068
45420
94901
48185
23225
06851
86001
52556
97124
85255
02906
33143
55123
92705
29440
03106
97470
23451
30024
97403
01581
19107
64112
02118
92656
22039
32118
21117
92870
73160
92880
77521
10018
60510
92648
90254
93105
87801
95843
45220
79705
94708
60045
90640
92557
56082
91730
91362
92054
90212
04046
92833
94709
13603
30306
27410
98503
78251
80301
02176
02472
20650
80503
97402
40504
15203
55430
04287
32219
52405
02322
85024
55446
32506
48439
85287
60441
78250
85210
10706
33324
19149
34744
55428
94533
43065
94065
86314
53188
93401
91405
20016
90804
92101
73071
12604
63130
95050
55343
40207
30189
44266
60056
32601
30096
02903
66762
01742
17350
75605
89431
70003
78746
79416
63366
23221
32603
47129
48187
07040
74114
29063
80903
18042
97225
76021
07960
44691
55330
65203
19711
43215
15801
85705
38135
57006
40241
83616
98001
91602
63109
76054
01379
65775
62234
15202
38111
48306
05346
84037
03608
10461
53951
55433
48302
74012
05055
04473
24450
02465
96707
19003
04259
46227
46142
04086
78212
85331
90031
46077
04210
03862
46254
70808
95030
63105
46220
55423
92407
14618
62901
19810
97068
20818
19102
19380
78006
77565
35205
06114
63141
05602
60423
02871
94104
02332
62025
20120
38018
20003
30102
59801
49504
55311
77706
12833
21046
11209
48473
96744
03755
05667
37206
28401
70072
11413
04093
32793
93304
20670
95350
33407
06840
19355
02482
24502
92107
77084
96931
56723
60440
95122
57706
60181
01748
15321
49327
48380
94609
53140
54467
48360
44243
78028
66210
33547
19390
20871
00926
90277
79101
63129
30316
92028
37032
83712
28083
55744
22315
77515
67208
91356
01770
20164
06520
99709
55071
45409
62035
64043
29401
19081
57747
51537
07470
14519
28754
13021
98107
46970
07002
07661
45237
21203
01603
33186
03052
19001
91767
79930
04915
10977
29146
10458
83706
55432
25801
90620
53714
80218
52761
95822
94518
04576
39652
98153
66046
48126
94112
49015
85310
68503
20755
55001
29708
48202
48162
01982
60482
91214
19118
94401
97119
11801
43147
80203
89432
97211
53051
31207
31201
46911
90740
38555
33436
99516
53716
25302
55448
55434
98765
80205
80207
28001
75034
92625
55101
28208
90293
54822
68131
55111
68128
22122
55402
55013
56187
13077
89503
50613
54901
98155
43023
55030
32940
80123
85037
24523
54720
55092
55313
94523
55068
56043
17870
55372
73120
17003
37815
15232
55379
55119
55033
55038
91320
83843
01267
07704
95407
5849574
96860
53217
21559
23456
60422
81335
64060
52570
19716
97339
90214
32839
08534
73543
67042
23220
98032
66209
06320
14612
44425
49507
18011
95020
32951
93560
60555
75207
97210
48154
07649
49512
33785
92055
97132
47406
78155
23188
93704
08505
12222
92660
92629
34691
28134
70507
13114
74601
13317
98438
61761
46845
02048
29681
37013
30501
14136
13407
90717
14650
90808
48065
17740
37042
11598
85284
90078
07070
99205
24551
44095
54758
95019
98606
60098
56303
42754
38024
19518
89156
99945
63041
02882
85296
74467
95128
17067
75087
56258
87543
32694
91776
28223
11040
29307
55987
77802
37601
45694
37043
98237
20175
48464
98498
72032
95776
67217
90032
34990
98006
70002
60107
14456
92078
39532
19464
46825
78640
94952
92661
02828
80209
92105
44092
11701
78237
26105
92018
92673
49454
92153
76031
31602
34683
94015
92027
45432
75165
28655
71106
20744
30338
72762
91901
92056
92173
37212
98642
07869
91105
98199
98380
06032
97838
60538
34567
76240
45387
85716
49345
21015
43056
97478
29706
44622
80020
92262
98136
89113
80110
92014
92064
99224
48098
10004
45678
96803
15748
62558
19320
08003
53220
01960
48315
10310
30004
02576
11220
60044
30906
93455
94559
00918
92675
74135
34677
03848
19425
15956
28036
02081
02346
76309
87004
77477
95002
97302
18360
75040
48133
46060
59457
77581
07601
72211
95661
48170
03226
34695
345567
49525
60504
80439
77059
60090
02324
45904
44319
60551
02718
78701
91789
11788
22309
60012
12570
19114
12047
93420
80260
92618
75226
46805
30328
33024
30253
98026
07017
70448
94030
91780
01453
48186
95503
20716
91326
92354
97374
90712
95617
13907
44077
49544
77459
97222
84112
97006
46814
33764
12590
27519
23602
12206
52162
61081
07087
60515
32720
80461
10573
48188
94134
76205
84101
2020010
12203
01234
12230
19123
39567
98312
97801
98541
91504
60074
75244
10475
97203
64068
75703
75082
68154
98028
98626
34639
11218
95117
12065
02840
10805
14228
97146
85275
11434
43420
91706
34116
10918
14895
61665
89509
53707
50266
12308
65270
58078
89170
92100
98058
90262
87107
19801
99352
90006
10804
94578
08107
85035
10472
95336
01375
55934
28209
08872
21401
40204
91011
94549
49505
89102
21222
98055
17522
17112
90732
19444
95132
75063
29201
97007
95420
90248
92620
07054
07644
38104
77341
80220
19343
12188
90041
94539
48324
95831
38120
94903
97266
43613
71711
12184
22601
02359
23464
12054
11580
64116
17013
10039
11214
43611
01096
77550
77479
81007
10705
92315
77351
30308
26501
92683
76548
08234
13326
06830
03867
11354
44060
44139
48843
11423
07746
04330
91355
94514
94120
38340
95610
95819
62002
90813
98118
98208
94507
94214
99703
94577
76707
15241
98516
95320
98368
93933
98043
91301
97123
97070
98465
85301
98684
98116
97206
95765
97233
77047
98926
85033
64106
73147
30134
73003
47421
60523
70043
60103
00961
67218
60160
50317
11710
91601
43725
00606
46614
96153
08109
77566
50325
33157
77024
27028
33067
22112
90016
75205
75067
75044
99003
45801
17022
78133
08009
85721
19152
19146
53523
20724
22204
22401
22031
12189
08825
30707
56007
02254
45249
43315
43560
49265
07721
07302
12180
14433
10990
11501
08817
07940
95037
60047
11747
12582
59602
93004
66049
95148
85248
92846
29732
92352
94521
93108
95124
80023
91335
89119
93536
91311
94804
89146
95126
01938
94525
80122
92780
92335
91351
95158
91501
92595
49024
91402
03109
44280
89523
93637
89052
80230
58703
02726
43357
80540
62629
02090
99508
89012
85364
85621
24018
02113
44685
02136
80014
58601
80442
48220
81520
60543
53233
01003
20783
35808
46214
61364
06614
03440
49277
48021
44131
77345
44614
01851
45212
02468
24015
79358
49408
24179
99504
93906
06416
03110
49008
49417
44646
43138
01020
79068
01605
21133
13148
13323
64920
23186
48328
17601
48313
48044
49006
58504
33990
48504
24017
48825
60035
32806
23116
04456
21740
01519
49546
02356
13064
12306
12309
46737
01607
01778
00681
88119
48706
46517
96002
33316
22807
68508
50246
55912
46556
35810
87122
32836
99203
99114
87502
99217
85251
28304
45245
60443
11795
45403
27502
41018
45231
41011
45233
45140
27515
11743
53718
07508
10006
44906
64153
85726
85718
46324
96782
14905
64117
86701
60565
60007
46755
60466
33317
59840
70503
33025
37877
48118
37774
71731
23235
39211
44143
08816
32117
44708
82604
52002
61021
13214
13039
72316
94103
13131
57108
06043
50321
27708
48169
13212
13146
13152
48107
50309
61270
13316
13685
95823
13078
01532
13057
13215
01602
06108
75150
62034
32224
33076
13126
13123
08021
22102
11355
95687
32024
37743
78065
11358
06071
01501
06118
22407
01531
06096
44306
02865
95035
01606
01430
42406
36830
49464
03051
01612
55429
60656
85040
36067
33916
44333
44224
98683
83815
94410
37772
90503
31901
95746
31804
37843
37924
56401
19360
77429
15209
37914
37909
53806
11793
95448
38558
37620
37920
10522
02430
53061
53207
84318
98021
53132
43230
34786
06451
31311
45248
95005
20151
75005
77099
91411
12538
19610
94563
64081
78737
80004
31047
48152
20866
19126
75013
34285
48178
07719
15205
21029
02657
60081
53538
95677
47306
46304
61910
04056
06877
06403
80236
19428
33073
99005
18049
11779
84010
66224
47403
28704
98443
63128
98664
49707
01864
60188
02116
08805
72949
87031
74128
30117
65201
52803
72764
44115
01075
33953
96811
96822
96825
96826
96817
98100
20795
19382
28147
30071
60603
27614
17402
48640
11050
50311
92316
36092
28120
29631
97331
12436
36102
01886
80917
63131
20170
14260
78766
22205
95326
45205
48858
29928
70116
33710
73070
46234
60477
60015
53130
44122
02454
32225
85003
33304
07974
98056
30145
87103
47401
444555
64151
55066
11725
21014
53717
15204
02149
80687
77019
53222
84064
95120
98007
74403
43228
23423
98011
88076
53221
32082
93103
89507
72761
11435
92025
45236
91766
97850
14853
12133
63011
45238
33813
33174
78660
62707
78730
12701
47303
90230
14843
33611
22046
49042
77301
46311
02066
44056
98501
10309
10708
06107
77252
87110
98108
89134
38028
34170
98166
33142
56520
65211
83704
22209
30337
32835
98467
33720
72801
46229
78728
81679
90272
85260
31605
49355
72837
92602
07663
77056
23518
08461
07430
07436
21214
32935
97062
92019
45219
35216
44089
30342
21555
83705
54302
19106
10583
93428
05448
87111
10069
07730
20004
15330
76067
91902
02339
44514
04106
08330
02062
33486
66208
44706
95695
79410
20876
20707
12561
06516
30047
11784
39180
64138
29404
09142
93436
08053
44118
48097
18655
30533
18615
400060
95031
22936
17033
23059
08750
55435
14701
64801
89193
10803
03570
96671
03070
91304
32212
08108
60563
30033
14623
08742
48342
85214
60050
48127
20653
85213
75146
80129
14616
22305
43221
84088
78267
37203
78735
76116
32822
33401
30620
07702
07981
19083
76266
95409
45383
49887
33156
10538
44126
78626
59405
30260
28403
74136
28542
61350
28607
28052
30309
88004
30318
42101
97469
83355
62263
41144
77058
68506
77630
57103
14803
60659
41706
92965
98374
61600
03038
11364
63304
32812
02169
19050
10044
68046
00231
96714
57382
41075
76543
93611
80010
96158
53719
97378
55443
02445
48239
30064
29609
37205
76028
33759
49034
22657
33023
43209
60068
33881
88001
06708
02370
92008
22302
97232
98106
96661
34610
95121
07090
29649
15137
08852
08406
06680
06906
94939
29662
83713
55100
62221
80906
63116
89147
28227
30127
53095
04255
30076
46725
30097
89502
02818
60042
39759
53048
77083
92882
74401
48911
67443
02777
77840
44242
37127
01904
96818
60645
49442
89109
02026
60664
94116
42518
94612
08810
54751
11746
06111
50322
14982
61832
98383
46979
97267
60516
21093
48326
17844
19006
89031
32095
80910
20122
93711
32308
06279
87020
22307
60630
84780
28804
02651
26101
33884
12801
70809
14086
92278
30340
20886
93449
08822
89145
44129
29630
73112
63544
64468
14613
66605
33705
83687
54942
92728
80513
02067
66203
79401
92069
01772
46239
02542
48445
361069
54409
84123
71111
73702
63126
95820
77042
67846
55812
80227
52240
49221
44512
01464
92020
92711
32708
40031
49855
96778
90019
61554
60014
12449
12831
40242
46112
03768
55014
45230
66502
65202
23229
30741
22180
78252
59072
97701
95929
75089
01880
33309
32653
22015
22810
32825
74354
30701
01860
20880
46143
21050
12110
48038
44039
77803
33901
17972
77034
95236
53403
32404
77018
68164
12533
21114
42445
21113
45251
46530
11510
48005
40511
36264
68122
98826
18249
73118
80232
32726
60559
29070
20851
48341
91607
89185
33823
28226
48912
19403
14215
63376
77057
77379
19063
70806
49017
60004
53150
94954
48655
11211
42141
95437
77536
41722
58503
91221
39401
71118
82070
62330
13676
12144
97720
80112
77009
46321
32112
02451
44301
02889
55021
32792
01450
90404
50677
37766
19901
19008
13502
33177
32114
33308
63026
74137
91364
89108
93907
60637
14221
80631
32712
65550
21234
58270
06905
22947
90731
90403
37363
85710
77662
56716
63125
20121
01752
55976
48198
11414
34235
90029
77450
11767
32137
48146
44286
48034
26508
33313
60139
38654
13041
78945
38122
45380
59079
07950
06512
02171
13211
83405
04258
96821
09094
27587
98632
62704
11554
35244
46580
32068
98661
98178
75633
90605
33030
45385
46250
27616
67301
33702
36301
07067
79925
02891
44125
89114
82072
30082
75650
60606
33134
70458
74011
76135
46222
78748
33433
66614
75007
44304
77304
29118
11010
78611
08028
85730
04457
33168
46350
52057
75010
32920
27203
27278
37153
65804
74055
75074
48072
44221
43612
43403
19033
65023
40475
52241
98607
51104
46940
21045
76904
11947
37664
81005
91321
60435
32953
27513
95667
111225
49770
95492
28027
70005
81101
07405
62052
15333
75601
15089
14424
28805
10020
50588
98908
33015
26104
94613
98674
01850
78613
70123
45322
33460
22906
06513
29678
62702
85374
39648
29464
38261
92503
16508
61704
48604
29449
53142
45810
81004
55304
27605
84102
85701
72202
17517
0956456
01054
11105
47274
49686
22306
73008
55011
48217
69301
94085
19473
21532
60185
21013
17036
11963
63332
97113
48371
11372
30324
07920
48042
97034
46240
55415
33619
27403
41042
61615
11717
84062
92691
97219
45224
94309
98040
19481
48094
80222
30041
94574
37076
91343
94705
08318
46038
06119
22101
50201
01746
44310
40505
56002
91765
18036
02035
02601
75115
92804
06804
32250
03824
90245
48310
03885
02816
90014
01852
95828
98801
04102
52301
50312
23608
32580
38134
63122
12740
06268
19087
26201
02474
03825
93060
03261
06110
21042
03769
02571
03801
07458
04011
22630
10962
84067
19335
02809
30349
20902
01773
25301
04849
20912
91007
46219
55411
17857
81321
14450
04074
63135
23062
04032
03840
54971
44555
42025
03851
23434
50401
04309
63132
02130
04085
03820
04578
04108
03909
13760
23513
92509
63108
79928
48092
84103
16844
33626
11228
84057
95952
63121
60417
84041
970025
85054
27312
84107
84058
98121
99826
99801
55616
63033
63303
62958
63144
02108
44281
14568
92679
55804
63123
94526
95118
949702
90065
63043
91791
54022
48433
90402
92807
48827
65441
64154
26241
92672
89447
90290
91001
92584
05345
92404
70006
60031
92145
23507
23452
11024
11771
02536
84111
16673
84093
84121
22652
05070
65401
28715
23603
95062
93950
20132
77027
18954
19047
67206
23508
19131
193122042
90240
78222
19108
18977
19348
08081
19802
22932
91608
34761
33149
77707
65265
44502
30662
60046
44509
30052
53216
91103
53562
45208
30005
85044
45202
44485
96555
20814
75001
35243
95376
56342
02908
91302
40214
31211
07452
81291
89129
96734
11361
55120
64050
60173
92506
46268
07462
14608
01095
64030
02838
32606
30269
58369
42718
20191
87571
63138
85203
27245
00693
45504
85281
02457
02150
91773
30332
46140
75041
02725
27609
60193
95032
85018
98177
80003
97424
77030
10625
43650
30673
90250
90045
84095
01125
07461
45056
01905
78130
10471
13224
60451
71301
12553
30010
30068
11230
60091
21212
07652
01801
19030
53589
60714
80012
95821
28412
19026
02557
60048
95762
63110
43223
30305
10001
32312
89103
20171
27909
02766
50014
21742
08544
17821
91125
80907
96797
44325
191004
91768
76501
98257
33167
18901
70803
45840
05273
09056
27408
67204
93924
98072
26301
76034
29425
33701
98036
74075
54650
11753
02114
49841
07307
19808
55369
12970
02109
50011
22041
02461
63117
30602
54880
04015
98622
07028
08840
22310
01775
01760
01944
78628
98262
78765
73013
77054
03255
48363
41030
02146
33020
23455
84119
66013
29615
21221
14068
47714
03756
03766
21773
92843
09824
19342
93555
55442
92155
14167
78744
29642
77098
80231
16365
89123
55459
56137
80916
01597
01940
70119
33028
18052
78223
78209
78240
78253
44260
83301
79411
78204
02464
13903
33135
19462
89117
91428
76120
89511
28043
91306
61265
30066
20057
96930
64114
06033
77008
10920
70748
43026
02152
60628
954025
91330
58102
48230
15146
94561
65712
14760
33607
98227
77075
35115
35401
01867
35229
12124
19713
78231
70802
70460
80221
54701
32303
26542
42503
01776
29208
50010
32501
87114
30075
43231
01036
80537
60540
79606
32301
80634
37209
48906
43213
11210
32618
45123
78734
76006
14706
